0.188612
0.18811
0.19926
0.188941
0.014815
0.023106
0.015652
0.015534


0.155773
0.208668
0.351664
0.220897
0.029492
0.022129
0.019193
0.018968

0.241748
0.309228
0.317542
0.317624
0.025584
0.027421
0.03134
0.02954

0.269243
0.298474
0.327501
0.301088
0.052536
0.042707
0.043854
0.039815

0.25788
0.320867
0.348764
0.326356
0.042817
0.055892
0.056948
0.057173

0.285911
0.333355
0.337896
0.342979
0.051317
0.064509
0.064925
0.060092


0.254991
0.318691
0.355721
0.318575
0.101586
0.092508
0.110409
0.110476

0.567952
0.746853
0.520503
0.611898
0.104772
0.134524
0.112495
0.127019

0.372753
0.50423
0.498219
0.438663
0.129651
0.105973
0.135632
0.145117

0.364688
0.39774
0.675972
0.52937
0.126859
0.187195
0.164445
0.153716

0.436723
0.515212
0.529306
0.787362
0.130947
0.271226
0.202043
0.179804

0.414245
0.548778
0.485025
0.47798
0.181004
0.197565
0.21424
0.19127

0.441426
0.519267
0.613762
0.571471
0.289397
0.152215
0.154216
0.178953


0.425317
0.940657
0.573528
0.428229
0.483402
0.325645
0.581493
0.282068

0.642561
0.457769
1.04458
2.671305
0.810417
0.223135
0.319322
1.346661

1.6921
2.45773
1.543619
1.613756
1.000144
2.209285
1.070965
0.668634

1.669282
1.254556
1.048668
2.678971
0.72281
1.016537
0.476433
0.569493

1.516562
2.273471
3.482871
3.4966
2.182833
0.608406
0.856016
0.748339

0.493714
0.775201
0.784474
0.966118
0.449676
0.638523
0.563022
0.570405

1.843492
3.438368
1.791435
2.848756
0.594314
1.422022
1.018901
0.849253



***************************************


155
208
351
220
29
22
19
18
241
309
317
317
25
27
31
29
269
298
327
301
52
42
43
39
257
320
348
326
42
55
56
57
285
333
337
342
51
64
64
60
254
318
355
318
101
92
110
110
567
746
520
611
104
134
112
127
372
504
498
438
129
105
135
145
364
397
675
529
126
187
164
153
436
515
529
787
130
271
202
179
414
548
485
477
181
197
214
191
441
519
613
571
289
152
154
178
425
940
573
428
483
325
581
282
642
457
1044
2671
810
223
319
1346
1692
2457
1543
1613
1000
2209
1070
668
1669
1254
1048
2678
722
1016
476
569
1516
2273
3482
3496
2182
608
856
748
493
775
784
966
449
638
563
570
1843
3438
1791
2848
594
1422
1018
849
