Topologia basica:
Camino 1:
188     191 188 6
188
199
188
14      17 15 4
23
15
15

Topologia chica:
Camino 1:
155     234 214 83
208
351
220
29
22      22 21 5
19
18

Camino 2:
241    296 313 37
309
317
317
25     28 28 3
27
31
29

Camino 4:
269    299 300 24
298
327
301
52     44 43 6
42
43
39

Camino 6:
257     313 323 39
320
348
326
42     53 56 7
55
56
57

Camino 8:
285     324 335 26
333
337
342
51      60 62 6
64
64
60

Topologia mediana:
Camino 1:
254     311 318 42
318
355
318
101     103 106 9
92
110
110

Camino 2:
567     611 589 97
746
520
611
104     119 120 14
134
112
127

Camino 4:
372     453 468 62
504
498
438
129     129 132 17
105
135
145

Camino 6:
364     491 463 142
397
675
529
126     158 159 25
187
164
153

Camino 8:
436    567 522 152
515
529
787
130    196 191 59
271
202
179

Camino 10:
414     481 481 55
548
485
477
181     196 194 14
197
214
191

Camino 12:
441     536 545 74
519
613
571
289     193 166 65
152
154
178

Topologia grande:
Camino 1:
425     592 501 242
940
573
428
483     418 404 139
325
581
282

Camino 2:
642     1204 843 1009
457
1044
2671
810     675 565 516
223
319
1346

Camino 4:
1692     1826 1653 425
2457
1543
1613
1000     1237 1035 672
2209
1070
668

Camino 6:
1669     1662 1462 725
1254
1048
2678
722      696 646 236
1016
476
569

Camino 8:
1516     2692 2878 972
2273
3482
3496
2182     1099 802 729
608
856
748

Camino 10:
493      755 780 195
775
784
966
449     555 567 78
638
563
570

Camino 12:
1843     2480 2346 803
3438
1791
2848
594      971 934 348
1422
1018
849
